task1_precision:0.518348623853211
task1_recall:0.5678391959798995
task1_f1:0.5419664268585132
